0 0.2703125 0.48125 0.03359375 0.03046875
0 0.31328125 0.48671875 0.0359375 0.02265625
0 0.37734375 0.4828125 0.01640625 0.025
0 0.42265625 0.48203125 0.04609375 0.02421875
0 0.41015625 0.5 0.02734375 0.015625
0 0.48828125 0.4890625 0.0703125 0.0265625
0 0.52578125 0.4875 0.00390625 0.01796875
0 0.534375 0.48984375 0.01171875 0.02109375
0 0.54921875 0.490625 0.01640625 0.01796875
0 0.56484375 0.4890625 0.01171875 0.015625
0 0.5875 0.48984375 0.0125 0.028125
0 0.58125 0.4984375 0.00625 0.0234375
0 0.6390625 0.4921875 0.0609375 0.03671875
0 0.65234375 0.52578125 0.0875 0.02734375
0 0.6765625 0.4875 0.009375 0.0171875
0 0.68984375 0.50078125 0.01015625 0.01875
0 0.73046875 0.50859375 0.0171875 0.02890625
0 0.75078125 0.5046875 0.00625 0.0234375
0 0.78671875 0.5140625 0.01796875 0.03125
0 0.7671875 0.51484375 0.01640625 0.02421875
0 0.72734375 0.54375 0.01015625 0.01328125
0 0.84296875 0.5015625 0.01328125 0.04453125
0 0.85703125 0.49921875 0.00546875 0.053125
0 0.88671875 0.50859375 0.0203125 0.04921875