0 0.01015625 0.346875 0.01796875 0.11640625
0 0.03359375 0.35 0.03125 0.075
0 0.07734375 0.37265625 0.05390625 0.04453125
0 0.071875 0.3265625 0.0140625 0.04375
0 0.09765625 0.36015625 0.04296875 0.0375
0 0.1078125 0.33359375 0.0171875 0.02890625
0 0.12109375 0.32890625 0.015625 0.06875
0 0.146875 0.33515625 0.0390625 0.0515625
0 0.08828125 0.4046875 0.04609375 0.02734375
0 0.12265625 0.38046875 0.0375 0.03203125
0 0.14296875 0.37890625 0.01015625 0.040625
0 0.17734375 0.390625 0.0578125 0.046875
0 0.1875 0.35078125 0.04765625 0.028125
0 0.0953125 0.44765625 0.0484375 0.05
0 0.43515625 0.41875 0.13203125 0.07734375
0 0.49375 0.35625 0.009375 0.05703125
0 0.42890625 0.33828125 0.03828125 0.04921875
0 0.40390625 0.365625 0.03203125 0.03046875
0 0.37734375 0.34609375 0.028125 0.0609375
0 0.35078125 0.3625 0.01796875 0.0359375
0 0.30703125 0.3421875 0.05703125 0.05703125
0 0.33046875 0.43671875 0.0359375 0.09453125
0 0.30859375 0.41875 0.03203125 0.11875
0 0.284375 0.4265625 0.03046875 0.0578125
0 0.5671875 0.390625 0.034375 0.0390625
0 0.58671875 0.4234375 0.0578125 0.034375
0 0.65078125 0.325 0.034375 0.03515625
0 0.665625 0.365625 0.065625 0.0328125
0 0.65703125 0.4140625 0.02421875 0.09296875
0 0.6828125 0.4453125 0.046875 0.0484375
0 0.6953125 0.33671875 0.02890625 0.01953125
0 0.7265625 0.34609375 0.0328125 0.01796875
0 0.725 0.3703125 0.05859375 0.02578125
0 0.74765625 0.38984375 0.03046875 0.02578125
0 0.715625 0.4 0.02890625 0.04375
0 0.75234375 0.43984375 0.0640625 0.05625