0 0.97421875 0.40859375 0.03828125 0.02109375
0 0.97265625 0.3875 0.0359375 0.021875
0 0.88671875 0.41328125 0.0296875 0.02265625
0 0.88359375 0.3890625 0.025 0.034375
0 0.73515625 0.4078125 0.01953125 0.0140625
0 0.7390625 0.3953125 0.01953125 0.01640625
0 0.746875 0.3859375 0.0046875 0.01484375
0 0.50390625 0.42265625 0.06328125 0.01953125
0 0.45703125 0.415625 0.02421875 0.03359375
0 0.46484375 0.38984375 0.0328125 0.0265625
0 0.43984375 0.3890625 0.00625 0.02265625
0 0.43046875 0.3828125 0.01875 0.009375
0 0.42578125 0.39140625 0.00625 0.025