0 0.90703125 0.4359375 0.03359375 0.06171875
0 0.9453125 0.43515625 0.015625 0.04765625
0 0.796875 0.378125 0.02421875 0.0515625
0 0.825 0.41640625 0.02734375 0.053125
0 0.6984375 0.384375 0.16484375 0.10546875
0 0.72421875 0.4671875 0.2265625 0.06484375
0 0.58359375 0.35703125 0.04296875 0.07578125
0 0.5609375 0.38984375 0.02109375 0.04296875
0 0.0890625 0.28125 0.025 0.04765625
0 0.0390625 0.3125 0.075 0.1109375
0 0.13828125 0.3125 0.02578125 0.0453125
0 0.18359375 0.3171875 0.05234375 0.04296875
0 0.22265625 0.32109375 0.01640625 0.0296875
0 0.2484375 0.32421875 0.0234375 0.03203125
0 0.3671875 0.334375 0.01640625 0.01640625